7.300367648089157121e-09
7.861180737945752295e-09
7.976498014004298148e-09
8.112606549727156858e-09
8.122458784135771577e-09
8.315488412866637783e-09
8.370274179159354433e-09
8.408917102042976734e-09
8.810741582074035572e-09
8.811619640757932636e-09
8.867686785767657585e-09
8.943324859315618292e-09
8.945463490168201261e-09
9.296164323141560925e-09
9.400080802419262496e-09
9.419255461662476736e-09
9.438423379759384250e-09
9.442443232727808015e-09
9.489559715578288715e-09
9.491050398127302736e-09
9.633056768595354376e-09
9.636462248486329302e-09
9.669506992164443878e-09
9.675651637071012229e-09
9.725759859847701908e-09
9.750197271638874889e-09
9.769119284773101762e-09
9.806012467984395534e-09
9.835502753504511810e-09
9.843571585037655417e-09
9.889464305577555636e-09
9.954723128991858134e-09
1.001187842347725508e-08
1.014903630798559212e-08
1.016215592320614710e-08
1.017187670841574756e-08
1.028071129292248899e-08
1.028493035861948593e-08
1.030621837097013271e-08
1.034306049158567211e-08
1.038690409692765914e-08
1.043346512636484765e-08
1.044672488895001597e-08
1.044864863120713754e-08
1.044983084978784880e-08
1.049170475205953242e-08
1.057333474965986312e-08
1.070880796741893904e-08
1.074346316551570324e-08
1.074886873386352557e-08
1.083039620540175304e-08
1.092777349644554295e-08
1.093944389979912128e-08
1.108497905397664310e-08
1.108960012469474624e-08
1.112672303498468123e-08
1.118796155671335895e-08
1.155462012110547485e-08
1.166293490632099400e-08
1.169112082960040417e-08
1.172937719173259263e-08
1.187570287791461632e-08
1.194141199717235735e-08
1.197378123508446859e-08
1.197405330272585691e-08
1.202346344423579772e-08
1.208418931041233118e-08
1.208635339986918468e-08
1.220363082708553721e-08
1.223209068525398927e-08
1.249449771561516396e-08
1.252516588296054055e-08
1.260024494666404825e-08
1.267182883493145438e-08
1.270362479666263921e-08
1.280125644972879210e-08
1.293341307753651591e-08
1.304556983383533988e-08
1.306891890555297104e-08
1.311530595118868607e-08
1.317687122081469460e-08
1.342538403908041879e-08
1.357943956531735573e-08
1.372309894528274528e-08
