6.673837257379851827e-10
6.843414429844717244e-10
7.227378678089843127e-10
7.230985231352676789e-10
7.305870554537552697e-10
7.317881344443628041e-10
7.366639275882123899e-10
7.441537632094162733e-10
7.463658148026779757e-10
7.559087907906101464e-10
7.635049232467541080e-10
7.652696915591100847e-10
7.667190363841407141e-10
7.716365353790181961e-10
7.721615972427215815e-10
7.775014599041950558e-10
7.832590147056546016e-10
7.874124114819918362e-10
7.882003924272231697e-10
7.959454633379642848e-10
7.960347445769717008e-10
8.039298121105602411e-10
8.065627661894923039e-10
8.066994241662932825e-10
8.073681601522843099e-10
8.078014149588996064e-10
8.078451540929779329e-10
8.091559414124265440e-10
8.092862674230721756e-10
8.096551869068576206e-10
8.109891396968363444e-10
8.146558308149376070e-10
8.202568955981011530e-10
8.203052066200110768e-10
8.205517402352733490e-10
8.226890324025456759e-10
8.242045517305971993e-10
8.243150470496413254e-10
8.247422299869606299e-10
8.255362004677189928e-10
8.302091132090781394e-10
8.317206937170034677e-10
8.321657645542665781e-10
8.341281385692421138e-10
8.351926020521750146e-10
8.397163358147709198e-10
8.403413137989564783e-10
8.412254957795899037e-10
8.421940903676356517e-10
8.422989146857328913e-10
8.427055113065634526e-10
8.441108063954914977e-10
8.447157587381719451e-10
8.451524255160776430e-10
8.454574853750449915e-10
8.462405755275710829e-10
8.465025549456044277e-10
8.472649724851296721e-10
8.499104919731957439e-10
8.501655888200743902e-10
8.511785568725810099e-10
8.514180370676055390e-10
8.516783543813879253e-10
8.531867378465764982e-10
8.535150733634986870e-10
8.549550851394136795e-10
8.568094375997602443e-10
8.572042595401623881e-10
8.588245627002024661e-10
8.591566687073338499e-10
8.602272492611615409e-10
8.640497039433178766e-10
8.698023342093914152e-10
8.767710115783330017e-10
8.770876400258022967e-10
8.822226515521306934e-10
8.823397006978934023e-10
8.829323047282168859e-10
8.833006243372293228e-10
8.835327400854709731e-10
8.837324426146391478e-10
8.844888110024962558e-10
8.853010672003897873e-10
8.866261968451854591e-10
8.876998494533355641e-10
8.881766925931776857e-10
8.886308180386426784e-10
8.896067636069176831e-10
8.899377726897264705e-10
8.933989325918247895e-10
8.934144295024342197e-10
8.940638860038880530e-10
8.941142361175700930e-10
8.944298005901089121e-10
8.956980982752419130e-10
8.973523618166445235e-10
9.002104918493469766e-10
9.042075995258978991e-10
9.093717438392944279e-10
9.097404970676251428e-10
9.103325006115242555e-10
9.148242332840628259e-10
9.165490712369079825e-10
9.166577909913356342e-10
9.230021500909677199e-10
9.242252117951274981e-10
9.243060014399719882e-10
9.245622548629043006e-10
9.250070699871384482e-10
9.265992411392256179e-10
9.305235959945163518e-10
9.377553767751046243e-10
9.382370298815296033e-10
9.383055255241560849e-10
9.432936722776558457e-10
9.623100972562840840e-10
9.738365520904071648e-10
9.845192569453045503e-10
9.853321887692617309e-10
1.018559360366062048e-09
