1.131236127073906150e-13
3.384623986485139812e-13
1.092567164342499413e-12
2.444352293904571391e-12
4.669922800580070056e-12
7.661814856953516123e-12
1.106722798421275672e-11
1.498795611321322241e-11
1.883974017950139326e-11
2.243666935796186582e-11
2.588388197412576511e-11
2.931476149853345304e-11
3.385886742474234094e-11
3.797099463104190874e-11
4.193447644238429838e-11
4.581458125184076885e-11
5.006486309249781977e-11
5.373658523451125449e-11
5.762414248937208693e-11
6.215308905346261473e-11
6.746653123684665859e-11
7.216051189620056653e-11
7.728945421844483561e-11
8.217461100801491963e-11
8.787263047932165361e-11
9.496856082093841542e-11
1.019987778886310541e-10
1.089816316698238985e-10
1.149403569571237508e-10
1.200474651236227811e-10
1.258294569552680984e-10
1.315979330109360052e-10
1.368866307161029854e-10
1.424245442836314663e-10
1.479591905609484059e-10
1.535358910879708457e-10
1.597449530617100699e-10
1.652879072191350777e-10
1.705530529790748055e-10
1.769798625244652372e-10
1.832034521239614680e-10
1.886030987259155254e-10
1.947940630659773795e-10
2.000552373452612218e-10
2.065186900214475860e-10
2.115552243623823980e-10
2.177791662089993760e-10
2.237647445492055174e-10
2.312374093246474699e-10
2.366725022695831040e-10
2.421135258973162653e-10
2.475027392446440778e-10
2.536866690287479268e-10
2.594159688169411697e-10
2.654492323477755461e-10
2.715376196837220348e-10
2.769639394416897593e-10
2.818317608823475937e-10
2.873903290669272398e-10
2.928350844199707375e-10
2.985903651415961282e-10
3.044459165301936798e-10
3.105739670281051310e-10
3.164083217480289432e-10
3.224628496658186393e-10
3.279765296323902743e-10
3.341327577158354547e-10
3.401932502057393014e-10
3.457406641164970238e-10
3.515351947077963358e-10
3.578224180569461103e-10
3.640836145449429461e-10
3.703074048059550670e-10
3.752674065739560722e-10
3.816166243394221251e-10
3.875500642167197244e-10
3.937107404587298793e-10
3.989642981013348700e-10
4.065814823490224705e-10
4.137253062144636800e-10
4.225526392780682746e-10
4.322741214068539457e-10
4.437301173363615305e-10
4.603636004497179989e-10
4.794151066340261227e-10
5.054708652551244621e-10
5.407998530200496385e-10
5.852550429265186171e-10
6.381460486599218052e-10
6.982877719723966273e-10
7.728863068664651061e-10
8.565124023316450395e-10
9.456972834722345848e-10
1.045651998849852734e-09
1.157931409715859351e-09
1.283192752954127533e-09
1.415089073222709433e-09
1.552077212044568025e-09
1.684529147170148444e-09
1.806406717379497650e-09
1.950203078954889780e-09
2.087155810367366425e-09
2.218176675389786179e-09
2.352298961159984069e-09
2.488607847750972314e-09
2.636272452550493951e-09
2.771755412247694958e-09
2.902905286852551471e-09
3.052964304965517548e-09
3.187709704016946068e-09
3.323706590375431846e-09
3.457235920954416260e-09
3.587196205420749688e-09
3.730780967406038313e-09
3.861659421935211772e-09
4.002583262260799273e-09
4.141342775023541712e-09
4.284291091987855627e-09
4.423131979393777049e-09
4.572267182013505492e-09
