5.024765826960808840e-12
2.107662098368320092e-11
4.980755446472119997e-11
9.439219413887633187e-11
1.538139405457867797e-10
2.165106173432421605e-10
2.870011534100193458e-10
3.610771601410928924e-10
4.400570027010655462e-10
5.160093356239347825e-10
6.070981587828100102e-10
6.919004164817952681e-10
7.533742947771433352e-10
8.258086709795385287e-10
9.166213506265537462e-10
1.000072654607365880e-09
1.119488457389412603e-09
1.208869368359010842e-09
1.317353910191816619e-09
1.412654876607403815e-09
1.548190667644333021e-09
1.676880822143595995e-09
1.767414872485234973e-09
1.887300584974845755e-09
1.976657543540970652e-09
2.109979881947203500e-09
2.207911952275675071e-09
2.301134227098613459e-09
2.447795605848604104e-09
2.556756848393047802e-09
2.672035125169578545e-09
2.786915602755609079e-09
2.892778468061569258e-09
2.993580402750346213e-09
3.101921255239719716e-09
3.226585206720352208e-09
3.326503973281299908e-09
3.398311238535196069e-09
3.510930285454530288e-09
3.593610030978220784e-09
3.721416610684696428e-09
3.821838146362931450e-09
3.915688657933787178e-09
4.048512340083996669e-09
4.149920920400653243e-09
4.226687048381755860e-09
4.344938040994057318e-09
4.441280686405793702e-09
4.529107993812263920e-09
4.655347789085557970e-09
4.762247335975336507e-09
4.868852043875075421e-09
4.997887378808483041e-09
5.140834317208303619e-09
5.263123822823473463e-09
5.540935859433625981e-09
5.792167476921298910e-09
6.067966884812451442e-09
6.643229178483440540e-09
7.214076599802961982e-09
8.044262871145281868e-09
9.052359588943896728e-09
1.028028779652387191e-08
1.172980548597626513e-08
1.315874560916664734e-08
1.475094265769674184e-08
1.665449832084078224e-08
1.862143403660068854e-08
2.115061499755251977e-08
2.357059074261001226e-08
2.594732362448482862e-08
2.804888799513953231e-08
3.062657137056937628e-08
3.294317495479106445e-08
3.523260414923494457e-08
3.790061140048275079e-08
4.068401947195631421e-08
4.305456745713626515e-08
4.552030048260832725e-08
4.799559670121320654e-08
5.058770872909842149e-08
5.338560232314684587e-08
5.604702474355915748e-08
5.849772869382783965e-08
